torso_lift_joint_x_offset: 0.0
torso_lift_joint_y_offset: 0.0
torso_lift_joint_z_offset: 0.0
torso_lift_joint_roll_offset: 0.0
torso_lift_joint_pitch_offset: 0.0
torso_lift_joint_yaw_offset: 0.0
arm_1_joint_x_offset: 0.0
arm_1_joint_y_offset: 0.0
arm_1_joint_z_offset: 0.0
arm_1_joint_roll_offset: -0.00046182987502257477
arm_1_joint_pitch_offset: -0.0002907693294282296
arm_1_joint_yaw_offset: 0.0
arm_2_joint_x_offset: -0.00021392826371155463
arm_2_joint_y_offset: 0.0
arm_2_joint_z_offset: -0.00038150019357031706
arm_2_joint_roll_offset: -0.01267913078486564
arm_2_joint_pitch_offset: 0.0
arm_2_joint_yaw_offset: -4.015161255007765e-05
arm_3_joint_x_offset: 0.004077355537571824
arm_3_joint_y_offset: 0.0
arm_3_joint_z_offset: -8.312301289394891e-06
arm_3_joint_roll_offset: -0.001021272805330363
arm_3_joint_pitch_offset: 0.0
arm_3_joint_yaw_offset: -0.049838087409011286
arm_4_joint_x_offset: 0.0
arm_4_joint_y_offset: 0.0012762776794810705
arm_4_joint_z_offset: -0.0008815537172892766
arm_4_joint_roll_offset: 0.0
arm_4_joint_pitch_offset: 0.009314251022400346
arm_4_joint_yaw_offset: -0.013677340251939497
arm_5_joint_x_offset: 0.0
arm_5_joint_y_offset: -0.004817119263865484
arm_5_joint_z_offset: -0.0011423541856462082
arm_5_joint_roll_offset: 0.0
arm_5_joint_pitch_offset: -0.0003377533536012786
arm_5_joint_yaw_offset: -0.013705011181661663
arm_6_joint_x_offset: 0.0
arm_6_joint_y_offset: -0.0019520189448630578
arm_6_joint_z_offset: 0.005081981843458258
arm_6_joint_roll_offset: 0.0
arm_6_joint_pitch_offset: -0.15913193907876536
arm_6_joint_yaw_offset: -0.00010650914699159622
arm_7_joint_x_offset: 0.0031230841967172795
arm_7_joint_y_offset: 0.0
arm_7_joint_z_offset: 0.005834542095167577
arm_7_joint_roll_offset: -0.027993078602760582
arm_7_joint_pitch_offset: 0.0
arm_7_joint_yaw_offset: -0.02800193424768216
